Original array: 
   -13.290000    -5.186700    10.000000    -2.294870    -1.273630
    98.123400     5.000000    -7.170000   439.240500 -1342.230000
  -123.564730   235.184000  -134.230000  1736.009000    13.264500
    -1.927487     0.134000     0.135000   150.230000 -1324.276000
 -2569.001000  2653.120000 -2846.283000  1836.918200 -9876.276400

New formed array: 
  -13.2900  |  0
 -134.2300  |  2
-9876.2764  |  4
   -1.2736  |  0
 -134.2300  |  2
-2569.0010  |  4
    0.0000  |  0
    0.0000  |  0
    0.0000  |  0
    0.0000  |  0

Sum of such elements in each odd column: 
Sum of such elements in 1 each odd column: 2888,25
Sum of such elements in 3 each odd column: 4160,10

changing_the_elements_of_the_main_diagonal_of_the_matrix:
 -9876.276400    -5.186700    10.000000    -2.294870    -1.273630
    98.123400   150.230000    -7.170000   439.240500 -1342.230000
  -123.564730   235.184000  -134.230000  1736.009000    13.264500
    -1.927487     0.134000     0.135000     5.000000 -1324.276000
 -2569.001000  2653.120000 -2846.283000  1836.918200   -13.290000

Sorted array: 
 -9876.276400 -2846.283000 -2569.001000 -1342.230000 -1324.276000
  -134.230000  -123.564730   -13.290000    -7.170000    -5.186700
    -2.294870    -1.927487    -1.273630     0.134000     0.135000
     5.000000    10.000000    13.264500    98.123400   150.230000
   235.184000   439.240500  1736.009000  1836.918200  2653.120000